x: -48
y: 1100
z: 0

roll : 0
pitch: 0
yaw  : -1.5533431768417358

scale: 0.68999999999999995
