image: submap_0.pgm
resolution: 0.050000
origin: [-6.512880, -6.325339, 0.000000]
negate: 0
occupied_thresh: 0.65
free_thresh: 0.196

