image: submap_0.pgm
resolution: 0.050000
origin: [-6.819091, -13.588416, 0.000000]
negate: 0
occupied_thresh: 0.65
free_thresh: 0.196

