x: 275
y: -75
z: 0

roll : 0
pitch: 0
yaw  : 1.2566370964050293

scale: 0.40000000000000002
