image_width: 320
image_height: 240
camera_name: camera
camera_matrix:
  rows: 3
  cols: 3
  data: [359.717298, 0, 164.195105, 0, 360.345938, 110.579846, 0, 0, 1]
distortion_model: plumb_bob
distortion_coefficients:
  rows: 1
  cols: 5
  data: [-0.430042, 0.227025, 0.001441, 0.002646, 0]
rectification_matrix:
  rows: 3
  cols: 3
  data: [1, 0, 0, 0, 1, 0, 0, 0, 1]
projection_matrix:
  rows: 3
  cols: 4
  data: [326.115356, 0, 165.348348, 0, 0, 340.829956, 109.331650, 0, 0, 0, 1, 0]