image_width: 320
image_height: 240
camera_name: rgb_PS1080_PrimeSense
camera_matrix:
  rows: 3
  cols: 3
  data: [267.406170049731, 0, 159.345204520997, 0, 266.945816972021, 122.739325824591, 0, 0, 1]
distortion_model: plumb_bob
distortion_coefficients:
  rows: 1
  cols: 5
  data: [0.0209260188542879, -0.0854568142556606, 0.000733284054478185, 0.00276867607527589, 0]
rectification_matrix:
  rows: 3
  cols: 3
  data: [1, 0, 0, 0, 1, 0, 0, 0, 1]
projection_matrix:
  rows: 3
  cols: 4
  data: [265.611999511719, 0, 159.650197835927, 0, 0, 266.143768310547, 122.370367844262, 0, 0, 0, 1, 0]