x: -10.02000045776367
y: -12.60000038146973
z: 0

roll : 0
pitch: 0
yaw  : 0.002617993857712

scale: 1.02
