x: 2.359999895095825
y: -9.77000045776367
z: 0

roll : 0
pitch: 0
yaw  : 0.040724348276854

scale: 0.46
