image_width: 320
image_height: 240
camera_name: depth_PS1080_PrimeSense
camera_matrix:
  rows: 3
  cols: 3
  data: [282.930542205324, 0, 164.67496150498, 0, 283.269791376718, 129.060788031941, 0, 0, 1]
distortion_model: plumb_bob
distortion_coefficients:
  rows: 1
  cols: 5
  data: [-0.0275548895010166, 0.0146280450374441, 0.00371060733274867, 0.00427937218698222, 0]
rectification_matrix:
  rows: 3
  cols: 3
  data: [1, 0, 0, 0, 1, 0, 0, 0, 1]
projection_matrix:
  rows: 3
  cols: 4
  data: [280.094573974609, 0, 165.484612113791, 0, 0, 280.924560546875, 129.243995328026, 0, 0, 0, 1, 0]